100
14 15 1 4 20 2 
20 17 20 14 14 9 
11 16 7 7 5 1 
11 5 17 3 17 8 
6 17 20 19 8 13 
9 13 20 10 17 11 
3 8 7 2 14 13 
2 16 20 20 2 5 
20 12 1 8 6 9 
8 11 5 19 1 5 
3 10 17 2 11 5 
13 13 13 11 6 6 
3 20 1 3 19 14 
19 11 5 11 10 2 
20 17 13 16 15 5 
20 10 14 17 11 16 
1 3 20 5 14 6 
2 8 5 14 2 15 
7 20 5 3 3 7 
5 2 3 9 9 10 
13 9 19 19 17 9 
14 9 4 14 14 9 
11 15 8 7 9 10 
1 7 9 18 10 11 
4 14 4 18 14 13 
7 6 13 17 16 9 
18 10 17 1 15 2 
1 5 9 8 11 9 
17 3 15 18 20 4 
20 3 9 4 1 2 
8 19 20 12 16 15 
20 13 16 8 5 10 
10 5 6 10 4 16 
18 1 19 12 10 10 
8 9 13 16 4 5 
10 11 3 1 2 10 
7 13 2 3 1 18 
4 2 2 10 11 6 
17 8 18 15 11 7 
5 18 15 9 6 19 
13 7 1 7 7 15 
17 13 19 10 7 11 
8 11 12 1 12 14 
18 8 13 7 15 16 
13 11 13 20 11 10 
10 15 16 2 1 14 
8 9 19 7 11 5 
17 18 7 1 10 18 
6 20 18 19 6 4 
14 19 14 18 10 4 
8 19 18 15 12 10 
1 20 19 19 6 9 
15 14 18 2 14 19 
11 20 18 20 10 4 
3 15 14 8 12 3 
3 11 13 12 18 16 
2 18 15 12 8 12 
12 2 18 1 15 11 
19 6 2 17 17 3 
12 20 17 5 19 1 
19 2 11 3 13 20 
18 6 17 5 17 4 
8 20 18 5 20 12 
8 11 17 1 19 6 
4 10 5 12 6 15 
12 16 16 15 10 9 
14 19 6 3 3 3 
18 11 14 15 7 14 
7 14 4 15 15 14 
20 18 3 16 9 20 
11 13 15 18 7 16 
18 12 14 4 14 9 
6 12 11 19 18 17 
4 16 11 19 11 5 
12 2 14 6 10 14 
5 12 6 11 9 4 
6 7 16 20 10 1 
8 7 4 18 17 2 
6 1 17 16 11 19 
12 3 13 17 20 2 
11 5 13 8 15 1 
4 13 19 11 4 8 
11 11 14 15 20 3 
8 5 3 16 13 5 
15 4 19 7 1 19 
20 3 3 4 2 9 
4 5 13 3 15 16 
2 18 6 8 12 17 
10 19 2 4 14 14 
8 20 9 7 18 1 
5 9 15 19 12 17 
19 16 13 12 10 20 
7 11 17 5 10 20 
1 19 10 14 2 15 
19 10 7 8 8 4 
8 12 13 3 2 16 
11 20 11 15 11 12 
14 18 15 2 2 4 
1 14 3 2 8 16 
17 6 5 3 13 12 
0