100
1000
1 1
2 1
3 1
4 1
5 1
6 1
7 1
8 1
9 1
10 1
11 1
12 1
13 1
14 1
15 1
16 1
17 1
18 1
19 1
20 1
21 1
22 1
23 1
24 1
25 1
26 1
27 1
28 1
29 1
30 1
31 1
32 1
33 1
34 1
35 1
36 1
37 1
38 1
39 1
40 1
41 1
42 1
43 1
44 1
45 1
46 1
47 1
48 1
49 1
50 1
51 1
52 1
53 1
54 1
55 1
56 1
57 1
58 1
59 1
60 1
61 1
62 1
63 1
64 1
65 1
66 1
67 1
68 1
69 1
70 1
71 1
72 1
73 1
74 1
75 1
76 1
77 1
78 1
79 1
80 1
81 1
82 1
83 1
84 1
85 1
86 1
87 1
88 1
89 1
90 1
91 1
92 1
93 1
94 1
95 1
96 1
97 1
98 1
99 1
100 1
1 1 88 61
2 1 18 25
3 1 19 89
4 1 2 98
5 1 86 11
6 1 5 34
7 1 27 7
8 1 76 63
9 1 61 70
10 1 72 42
11 2 55 91
12 2 15 9
13 2 11 16
14 2 83 20
15 2 56 41
16 2 89 77
17 2 38 80
18 2 49 97
19 2 92 35
20 2 100 36
21 2 34 82
22 2 32 57
23 2 65 14
24 3 11 47
25 3 45 47
26 3 2 5
27 3 85 63
28 3 83 67
29 3 32 54
30 3 81 52
31 3 16 84
32 3 66 50
33 3 25 98
34 3 6 62
35 3 77 76
36 4 6 63
37 4 7 0
38 4 56 55
39 4 2 69
40 4 83 20
41 4 78 65
42 4 76 25
43 4 98 56
44 5 77 12
45 5 43 21
46 5 71 96
47 5 50 3
48 5 28 43
49 5 2 96
50 5 64 76
51 5 19 17
52 5 44 49
53 5 44 56
54 5 95 84
55 5 45 66
56 6 32 99
57 6 63 26
58 6 64 30
59 6 46 91
60 6 97 88
61 6 67 78
62 6 29 45
63 6 5 45
64 6 56 84
65 7 78 93
66 7 18 68
67 7 30 46
68 7 94 9
69 7 38 66
70 7 32 69
71 7 71 84
72 7 82 11
73 7 60 48
74 8 1 19
75 8 45 52
76 8 19 34
77 8 99 29
78 8 11 36
79 8 96 77
80 8 75 70
81 8 27 57
82 8 100 23
83 9 59 7
84 9 47 82
85 9 83 1
86 9 37 38
87 9 37 13
88 9 99 26
89 9 31 99
90 9 8 3
91 9 21 7
92 10 81 78
93 10 96 71
94 10 78 53
95 10 11 98
96 10 80 39
97 10 56 70
98 10 13 23
99 10 25 59
100 10 78 43
101 11 42 82
102 11 26 48
103 11 99 4
104 11 69 83
105 11 2 9
106 11 1 84
107 11 33 7
108 11 17 79
109 11 72 31
110 11 5 77
111 11 19 35
112 11 78 23
113 11 72 29
114 11 53 32
115 12 63 57
116 12 15 68
117 12 31 96
118 12 36 84
119 12 97 61
120 12 48 37
121 12 67 53
122 12 62 9
123 13 27 65
124 13 83 38
125 13 9 12
126 13 82 58
127 13 3 80
128 13 24 99
129 13 64 76
130 13 40 5
131 13 50 56
132 13 97 22
133 14 83 27
134 14 37 84
135 14 2 83
136 14 61 30
137 14 90 93
138 14 42 41
139 14 41 32
140 14 7 20
141 14 40 26
142 14 75 57
143 14 1 64
144 14 78 61
145 14 6 52
146 14 76 46
147 15 93 82
148 15 88 74
149 15 18 15
150 15 44 52
151 15 22 50
152 15 36 22
153 15 94 35
154 15 31 33
155 15 31 87
156 16 50 27
157 16 1 34
158 16 10 0
159 16 79 18
160 16 69 44
161 16 64 15
162 17 22 17
163 17 61 64
164 17 58 43
165 17 84 30
166 17 96 1
167 17 95 18
168 17 77 19
169 17 6 33
170 17 30 73
171 17 60 62
172 17 50 77
173 17 10 37
174 17 8 36
175 17 80 87
176 17 13 94
177 17 4 32
178 17 59 19
179 18 74 93
180 18 80 63
181 18 65 53
182 18 81 47
183 18 85 37
184 18 25 95
185 18 74 11
186 18 82 96
187 18 68 17
188 18 31 37
189 18 20 13
190 19 44 44
191 19 65 63
192 19 75 67
193 19 53 21
194 19 87 68
195 19 83 92
196 19 86 22
197 19 75 90
198 19 93 55
199 19 86 1
200 19 17 64
201 19 70 68
202 20 4 77
203 20 91 43
204 20 58 94
205 20 45 85
206 20 63 22
207 20 90 34
208 20 50 82
209 20 43 97
210 20 30 69
211 20 67 44
212 21 93 42
213 21 64 83
214 21 49 78
215 21 88 58
216 21 9 59
217 21 19 51
218 21 60 32
219 21 90 91
220 21 80 49
221 21 58 45
222 21 48 37
223 22 47 8
224 22 19 89
225 22 82 6
226 22 27 61
227 22 62 40
228 22 11 23
229 22 31 91
230 22 64 92
231 22 10 24
232 22 43 6
233 22 44 94
234 22 100 24
235 22 16 15
236 23 43 20
237 23 76 52
238 23 8 55
239 23 13 30
240 23 18 30
241 23 10 97
242 23 78 90
243 24 90 40
244 24 78 82
245 24 41 19
246 24 34 39
247 24 38 0
248 24 6 34
249 24 32 34
250 24 37 67
251 24 57 12
252 25 36 27
253 25 26 94
254 25 58 10
255 25 34 56
256 25 48 30
257 25 79 24
258 25 95 84
259 25 12 35
260 25 76 26
261 26 100 97
262 26 75 2
263 26 1 59
264 26 91 30
265 26 42 60
266 26 21 6
267 26 86 20
268 27 60 15
269 27 100 43
270 27 85 92
271 27 33 87
272 27 75 38
273 27 9 17
274 27 45 86
275 27 31 36
276 27 52 1
277 27 62 59
278 27 43 90
279 27 55 22
280 27 77 82
281 27 87 26
282 27 9 19
283 27 24 33
284 28 24 64
285 28 61 60
286 28 33 72
287 28 59 18
288 28 53 33
289 28 67 58
290 28 97 63
291 28 67 62
292 28 13 2
293 28 50 18
294 28 18 70
295 28 78 18
296 28 88 48
297 29 57 79
298 29 1 17
299 29 5 60
300 29 87 4
301 29 37 27
302 29 15 96
303 29 80 44
304 30 2 39
305 30 24 29
306 30 34 71
307 30 88 95
308 30 83 72
309 30 36 26
310 30 9 44
311 30 56 14
312 30 13 72
313 30 90 51
314 31 21 96
315 31 42 77
316 31 99 47
317 31 93 79
318 31 28 66
319 31 90 54
320 31 91 73
321 31 29 12
322 32 39 94
323 32 67 87
324 32 56 72
325 32 68 18
326 32 10 31
327 32 3 6
328 32 8 15
329 32 51 25
330 33 80 99
331 33 19 42
332 33 56 81
333 33 6 60
334 33 85 92
335 33 50 50
336 33 80 21
337 33 44 6
338 33 84 33
339 33 99 19
340 34 88 41
341 34 16 72
342 34 16 34
343 34 4 32
344 34 24 21
345 34 98 21
346 34 51 44
347 34 84 49
348 34 42 22
349 34 93 77
350 34 27 75
351 35 29 84
352 35 74 96
353 35 77 61
354 35 57 46
355 36 39 65
356 36 7 31
357 36 17 66
358 36 65 6
359 36 54 40
360 36 68 43
361 36 19 21
362 37 90 45
363 37 35 15
364 37 95 21
365 37 78 58
366 37 23 21
367 37 7 39
368 37 20 47
369 37 31 27
370 37 98 51
371 37 55 94
372 38 75 79
373 38 78 9
374 38 6 64
375 38 90 78
376 38 9 16
377 38 89 83
378 38 89 83
379 38 70 51
380 38 68 74
381 38 17 50
382 38 23 8
383 38 92 48
384 38 92 93
385 38 97 77
386 39 25 89
387 39 5 55
388 39 81 2
389 39 31 59
390 39 88 11
391 39 42 13
392 39 77 7
393 40 49 88
394 40 52 50
395 40 94 52
396 40 51 9
397 40 52 51
398 40 36 36
399 40 82 59
400 40 89 26
401 40 27 60
402 41 27 89
403 41 50 18
404 41 1 75
405 41 91 0
406 41 93 77
407 41 95 73
408 41 82 63
409 41 45 98
410 41 77 23
411 42 74 76
412 42 71 2
413 42 70 54
414 42 36 60
415 42 4 24
416 42 1 43
417 42 85 67
418 42 57 35
419 43 4 87
420 43 45 87
421 43 85 19
422 43 92 96
423 43 52 68
424 43 82 67
425 43 96 13
426 43 50 54
427 43 63 32
428 43 18 47
429 44 85 21
430 44 58 96
431 44 54 91
432 44 51 13
433 44 78 34
434 44 39 50
435 44 57 57
436 44 14 39
437 44 38 29
438 44 85 1
439 44 57 64
440 45 84 40
441 45 11 81
442 45 61 42
443 45 58 93
444 45 96 19
445 45 15 88
446 45 79 68
447 45 39 77
448 45 98 10
449 45 27 94
450 45 64 32
451 45 39 23
452 45 48 20
453 46 91 69
454 46 8 41
455 46 30 13
456 46 82 29
457 46 13 35
458 46 14 37
459 46 21 44
460 46 33 16
461 46 95 82
462 46 70 52
463 46 16 79
464 47 23 35
465 47 20 73
466 47 85 72
467 47 38 50
468 47 48 97
469 47 39 43
470 47 98 17
471 47 4 14
472 47 60 48
473 47 17 5
474 48 96 86
475 48 85 15
476 48 31 51
477 48 80 70
478 48 67 28
479 48 96 76
480 48 26 98
481 48 84 54
482 49 99 3
483 49 2 18
484 49 47 95
485 49 50 30
486 49 10 47
487 49 57 23
488 49 29 65
489 50 10 21
490 50 7 65
491 50 98 1
492 50 95 63
493 50 44 91
494 50 33 89
495 50 67 91
496 50 44 74
497 50 10 47
498 51 9 21
499 51 78 3
500 51 64 28
501 51 44 65
502 51 100 63
503 51 85 90
504 51 47 84
505 51 84 75
506 51 36 39
507 51 49 33
508 51 20 49
509 51 89 56
510 51 57 17
511 51 57 56
512 51 95 19
513 52 6 10
514 52 49 49
515 52 27 93
516 52 55 92
517 52 99 88
518 52 95 95
519 52 93 44
520 52 92 53
521 52 16 81
522 52 100 2
523 53 83 63
524 53 10 50
525 53 92 40
526 53 92 0
527 53 27 43
528 53 45 75
529 53 29 9
530 53 26 46
531 54 70 58
532 54 29 43
533 54 45 34
534 54 14 61
535 54 55 73
536 54 49 82
537 54 21 22
538 54 43 46
539 54 63 48
540 54 11 27
541 55 70 12
542 55 5 23
543 55 89 18
544 55 61 96
545 55 97 19
546 55 98 61
547 55 21 47
548 55 28 89
549 55 73 21
550 55 16 56
551 56 31 99
552 56 2 21
553 56 4 1
554 56 49 3
555 56 33 14
556 56 95 89
557 56 21 40
558 56 68 63
559 56 4 7
560 56 23 55
561 56 86 86
562 57 14 59
563 57 49 29
564 57 66 78
565 57 42 92
566 57 38 55
567 57 56 28
568 57 17 58
569 57 11 35
570 57 86 13
571 58 98 67
572 58 47 99
573 58 34 62
574 58 86 18
575 58 47 90
576 58 61 61
577 58 63 84
578 58 41 89
579 59 18 70
580 59 16 66
581 59 100 43
582 59 81 80
583 59 79 5
584 59 22 69
585 59 28 13
586 60 5 52
587 60 24 60
588 60 8 23
589 60 5 42
590 60 7 94
591 60 45 58
592 60 100 82
593 60 87 74
594 60 59 38
595 60 57 68
596 61 74 49
597 61 36 16
598 61 92 0
599 61 28 50
600 61 1 56
601 62 99 49
602 62 17 61
603 62 22 76
604 62 25 4
605 62 4 58
606 62 23 46
607 62 40 59
608 62 74 99
609 62 60 30
610 62 3 29
611 63 75 98
612 63 4 19
613 63 2 73
614 63 22 82
615 63 93 39
616 63 95 96
617 63 30 45
618 63 71 99
619 63 85 53
620 63 71 60
621 64 73 66
622 64 80 58
623 64 41 68
624 64 37 99
625 64 58 94
626 64 42 54
627 64 79 3
628 64 50 41
629 64 45 37
630 65 17 46
631 65 42 37
632 65 22 9
633 65 24 97
634 65 22 95
635 65 34 51
636 65 90 13
637 65 10 56
638 65 100 73
639 65 9 52
640 65 67 12
641 66 80 7
642 66 34 22
643 66 29 9
644 66 19 17
645 66 3 35
646 66 57 34
647 66 35 24
648 66 59 34
649 66 93 2
650 66 83 12
651 66 23 28
652 66 59 72
653 66 38 61
654 66 35 22
655 66 51 55
656 66 51 17
657 67 36 59
658 67 79 97
659 67 1 48
660 67 95 99
661 67 19 57
662 67 22 80
663 67 4 42
664 67 5 10
665 67 70 24
666 67 62 93
667 67 38 15
668 68 83 55
669 68 16 6
670 68 18 72
671 68 29 75
672 68 7 98
673 68 93 96
674 68 65 58
675 68 57 8
676 68 25 48
677 68 72 41
678 69 57 22
679 69 35 34
680 69 10 84
681 69 45 67
682 69 57 13
683 69 94 50
684 69 40 98
685 69 81 18
686 69 1 55
687 69 16 79
688 69 39 35
689 70 64 49
690 70 5 11
691 70 10 22
692 70 75 26
693 70 68 47
694 70 75 31
695 70 87 10
696 70 48 21
697 70 3 83
698 70 38 23
699 70 39 57
700 71 69 38
701 71 73 79
702 71 70 86
703 71 67 60
704 71 20 6
705 71 17 52
706 71 25 92
707 71 98 30
708 71 50 55
709 72 75 89
710 72 41 83
711 72 40 76
712 72 76 42
713 72 22 86
714 72 21 20
715 72 40 6
716 72 96 80
717 72 23 75
718 72 16 43
719 73 27 61
720 73 31 48
721 73 56 27
722 73 6 81
723 73 95 26
724 73 52 31
725 73 29 11
726 73 95 13
727 73 33 0
728 74 81 79
729 74 27 49
730 74 57 18
731 74 69 70
732 74 19 54
733 74 7 46
734 74 67 89
735 74 82 61
736 74 97 82
737 75 66 2
738 75 72 27
739 75 90 94
740 75 61 54
741 75 70 95
742 75 58 4
743 75 11 34
744 75 21 39
745 76 3 82
746 76 72 41
747 76 48 11
748 76 77 24
749 76 15 54
750 76 39 49
751 76 57 84
752 76 79 90
753 76 22 24
754 76 52 75
755 76 12 67
756 76 1 61
757 76 33 43
758 76 33 50
759 76 56 8
760 76 51 15
761 76 96 80
762 76 29 68
763 76 36 6
764 77 40 21
765 77 36 4
766 77 61 11
767 77 56 42
768 77 91 91
769 77 38 68
770 77 30 66
771 77 3 48
772 77 15 98
773 77 83 76
774 77 87 60
775 78 51 91
776 78 57 30
777 78 79 67
778 78 11 92
779 78 29 83
780 78 61 35
781 78 91 68
782 78 41 14
783 78 1 67
784 78 70 6
785 78 50 41
786 78 52 8
787 79 54 22
788 79 1 42
789 79 14 31
790 79 73 72
791 79 10 68
792 79 21 68
793 79 92 27
794 79 12 70
795 79 16 75
796 79 10 32
797 79 10 83
798 79 81 44
799 80 19 24
800 80 16 25
801 80 93 84
802 80 42 37
803 80 34 19
804 80 40 18
805 80 24 54
806 80 17 24
807 80 49 37
808 80 15 74
809 81 43 44
810 81 3 46
811 81 33 47
812 81 44 30
813 82 91 73
814 82 61 36
815 82 55 44
816 82 73 35
817 82 56 85
818 82 47 74
819 82 67 91
820 82 56 19
821 82 95 26
822 83 76 99
823 83 59 63
824 83 17 91
825 83 29 69
826 83 15 42
827 83 66 38
828 84 21 73
829 84 35 15
830 84 58 49
831 84 38 25
832 84 72 52
833 84 54 15
834 84 5 79
835 84 50 99
836 84 35 66
837 84 22 83
838 84 61 40
839 84 20 71
840 84 96 49
841 84 5 70
842 85 94 58
843 85 5 11
844 85 52 60
845 85 55 72
846 85 12 12
847 85 72 97
848 85 48 69
849 86 46 43
850 86 74 22
851 86 72 38
852 86 47 79
853 86 84 45
854 86 61 0
855 86 85 63
856 86 82 17
857 86 90 3
858 86 70 99
859 86 68 31
860 86 34 93
861 86 62 48
862 86 49 1
863 86 53 79
864 87 33 95
865 87 8 91
866 87 71 83
867 87 47 42
868 87 40 92
869 87 1 0
870 87 79 13
871 87 34 3
872 87 84 19
873 87 5 56
874 87 53 57
875 87 21 83
876 87 18 10
877 87 58 81
878 87 34 20
879 87 6 24
880 88 99 12
881 88 60 19
882 88 2 61
883 88 71 13
884 88 98 12
885 88 29 77
886 88 68 69
887 88 82 68
888 88 51 58
889 89 27 68
890 89 50 93
891 89 17 92
892 89 77 21
893 89 46 98
894 89 10 41
895 89 95 3
896 89 75 62
897 89 73 42
898 89 70 93
899 89 37 41
900 90 98 12
901 90 13 60
902 90 87 59
903 90 43 23
904 90 7 1
905 90 25 91
906 90 9 96
907 90 86 30
908 90 50 86
909 91 69 54
910 91 98 22
911 91 39 76
912 91 15 81
913 91 96 63
914 91 86 65
915 91 61 58
916 91 86 43
917 91 15 57
918 92 50 4
919 92 95 90
920 92 9 7
921 92 68 88
922 92 66 19
923 92 40 89
924 93 41 27
925 93 92 16
926 93 76 0
927 93 12 50
928 93 23 45
929 93 41 41
930 93 94 54
931 93 49 52
932 93 7 78
933 93 52 11
934 93 3 85
935 93 86 58
936 93 51 70
937 93 95 89
938 94 55 12
939 94 22 31
940 94 35 67
941 94 32 49
942 94 100 63
943 94 66 38
944 94 31 21
945 95 13 23
946 95 76 18
947 95 60 70
948 95 40 38
949 96 69 33
950 96 81 11
951 96 30 29
952 96 7 74
953 96 60 46
954 96 72 59
955 96 59 30
956 96 30 1
957 96 40 72
958 96 83 16
959 96 2 26
960 97 60 89
961 97 32 56
962 97 30 38
963 97 25 10
964 97 17 57
965 97 40 91
966 97 91 73
967 97 39 38
968 97 25 14
969 97 43 10
970 97 10 45
971 97 23 61
972 98 80 87
973 98 60 64
974 98 11 49
975 98 45 20
976 98 14 11
977 98 88 13
978 98 4 73
979 98 32 40
980 98 58 89
981 99 46 16
982 99 96 0
983 99 44 56
984 99 32 82
985 99 54 5
986 99 92 94
987 99 90 6
988 99 46 72
989 100 39 78
990 100 32 52
991 100 46 14
992 100 41 64
993 100 28 28
994 100 46 77
995 100 24 30
996 100 67 71
997 100 13 54
998 100 7 63
999 100 33 80
1000 100 96 76
