100
1000
88 1.0
89 1.0
90 1.0
91 1.0
92 1.0
93 1.0
94 1.0
95 1.0
96 1.0
97 1.0
10 1.0
98 1.0
11 1.0
99 1.0
12 1.0
13 1.0
14 1.0
15 1.0
16 1.0
17 1.0
18 1.0
19 1.0
1 1.0
2 1.0
3 1.0
4 1.0
5 1.0
6 1.0
7 1.0
8 1.0
9 1.0
20 1.0
21 1.0
22 1.0
23 1.0
24 1.0
25 1.0
26 1.0
27 1.0
28 1.0
29 1.0
30 1.0
31 1.0
32 1.0
33 1.0
34 1.0
35 1.0
36 1.0
37 1.0
38 1.0
39 1.0
40 1.0
41 1.0
42 1.0
43 1.0
44 1.0
45 1.0
46 1.0
47 1.0
48 1.0
49 1.0
50 1.0
51 1.0
52 1.0
53 1.0
54 1.0
55 1.0
56 1.0
57 1.0
58 1.0
59 1.0
60 1.0
61 1.0
62 1.0
63 1.0
64 1.0
65 1.0
66 1.0
67 1.0
68 1.0
69 1.0
70 1.0
71 1.0
72 1.0
73 1.0
74 1.0
75 1.0
76 1.0
77 1.0
78 1.0
79 1.0
100 1.0
80 1.0
81 1.0
82 1.0
83 1.0
84 1.0
85 1.0
86 1.0
87 1.0
1 1 88 61.0
2 1 18 25.0
3 1 19 89.0
4 1 2 98.0
5 1 86 11.0
6 1 5 34.0
7 1 27 7.0
8 1 76 63.0
800 80 16 25.0
9 1 61 70.0
801 80 93 84.0
802 80 42 37.0
803 80 34 19.0
804 80 40 18.0
805 80 24 54.0
806 80 17 24.0
807 80 49 37.0
808 80 15 74.0
809 81 43 44.0
1000 100 96 76.0
810 81 3 46.0
811 81 33 47.0
812 81 44 30.0
813 82 91 73.0
814 82 61 36.0
815 82 55 44.0
816 82 73 35.0
817 82 56 85.0
818 82 47 74.0
819 82 67 91.0
820 82 56 19.0
821 82 95 26.0
822 83 76 99.0
823 83 59 63.0
824 83 17 91.0
825 83 29 69.0
826 83 15 42.0
827 83 66 38.0
828 84 21 73.0
829 84 35 15.0
830 84 58 49.0
831 84 38 25.0
832 84 72 52.0
833 84 54 15.0
834 84 5 79.0
835 84 50 99.0
836 84 35 66.0
837 84 22 83.0
838 84 61 40.0
839 84 20 71.0
840 84 96 49.0
841 84 5 70.0
600 61 1 56.0
842 85 94 58.0
601 62 99 49.0
843 85 5 11.0
602 62 17 61.0
844 85 52 60.0
603 62 22 76.0
845 85 55 72.0
604 62 25 4.0
846 85 12 12.0
605 62 4 58.0
847 85 72 97.0
606 62 23 46.0
848 85 48 69.0
607 62 40 59.0
849 86 46 43.0
608 62 74 99.0
609 62 60 30.0
850 86 74 22.0
851 86 72 38.0
610 62 3 29.0
852 86 47 79.0
611 63 75 98.0
853 86 84 45.0
612 63 4 19.0
854 86 61 0.0
613 63 2 73.0
855 86 85 63.0
614 63 22 82.0
856 86 82 17.0
615 63 93 39.0
857 86 90 3.0
616 63 95 96.0
858 86 70 99.0
617 63 30 45.0
859 86 68 31.0
618 63 71 99.0
619 63 85 53.0
860 86 34 93.0
861 86 62 48.0
620 63 71 60.0
862 86 49 1.0
621 64 73 66.0
863 86 53 79.0
622 64 80 58.0
864 87 33 95.0
623 64 41 68.0
865 87 8 91.0
624 64 37 99.0
866 87 71 83.0
625 64 58 94.0
867 87 47 42.0
626 64 42 54.0
868 87 40 92.0
627 64 79 3.0
869 87 1 0.0
628 64 50 41.0
629 64 45 37.0
870 87 79 13.0
871 87 34 3.0
630 65 17 46.0
872 87 84 19.0
631 65 42 37.0
873 87 5 56.0
632 65 22 9.0
874 87 53 57.0
633 65 24 97.0
875 87 21 83.0
634 65 22 95.0
876 87 18 10.0
635 65 34 51.0
877 87 58 81.0
636 65 90 13.0
878 87 34 20.0
637 65 10 56.0
879 87 6 24.0
638 65 100 73.0
639 65 9 52.0
880 88 99 12.0
881 88 60 19.0
640 65 67 12.0
882 88 2 61.0
641 66 80 7.0
883 88 71 13.0
400 40 89 26.0
642 66 34 22.0
884 88 98 12.0
401 40 27 60.0
643 66 29 9.0
885 88 29 77.0
402 41 27 89.0
644 66 19 17.0
886 88 68 69.0
403 41 50 18.0
645 66 3 35.0
887 88 82 68.0
404 41 1 75.0
646 66 57 34.0
888 88 51 58.0
405 41 91 0.0
647 66 35 24.0
889 89 27 68.0
406 41 93 77.0
648 66 59 34.0
407 41 95 73.0
649 66 93 2.0
408 41 82 63.0
409 41 45 98.0
890 89 50 93.0
891 89 17 92.0
650 66 83 12.0
892 89 77 21.0
651 66 23 28.0
893 89 46 98.0
410 41 77 23.0
652 66 59 72.0
894 89 10 41.0
411 42 74 76.0
653 66 38 61.0
895 89 95 3.0
412 42 71 2.0
654 66 35 22.0
896 89 75 62.0
413 42 70 54.0
655 66 51 55.0
897 89 73 42.0
414 42 36 60.0
656 66 51 17.0
898 89 70 93.0
415 42 4 24.0
657 67 36 59.0
899 89 37 41.0
416 42 1 43.0
658 67 79 97.0
417 42 85 67.0
659 67 1 48.0
418 42 57 35.0
419 43 4 87.0
660 67 95 99.0
661 67 19 57.0
420 43 45 87.0
662 67 22 80.0
421 43 85 19.0
663 67 4 42.0
422 43 92 96.0
664 67 5 10.0
423 43 52 68.0
665 67 70 24.0
424 43 82 67.0
666 67 62 93.0
425 43 96 13.0
667 67 38 15.0
426 43 50 54.0
668 68 83 55.0
427 43 63 32.0
669 68 16 6.0
428 43 18 47.0
429 44 85 21.0
670 68 18 72.0
671 68 29 75.0
430 44 58 96.0
672 68 7 98.0
431 44 54 91.0
673 68 93 96.0
432 44 51 13.0
674 68 65 58.0
433 44 78 34.0
675 68 57 8.0
434 44 39 50.0
676 68 25 48.0
435 44 57 57.0
677 68 72 41.0
436 44 14 39.0
678 69 57 22.0
437 44 38 29.0
679 69 35 34.0
438 44 85 1.0
439 44 57 64.0
680 69 10 84.0
681 69 45 67.0
440 45 84 40.0
682 69 57 13.0
441 45 11 81.0
683 69 94 50.0
200 19 17 64.0
442 45 61 42.0
684 69 40 98.0
201 19 70 68.0
443 45 58 93.0
685 69 81 18.0
202 20 4 77.0
444 45 96 19.0
686 69 1 55.0
203 20 91 43.0
445 45 15 88.0
687 69 16 79.0
204 20 58 94.0
446 45 79 68.0
688 69 39 35.0
205 20 45 85.0
447 45 39 77.0
689 70 64 49.0
206 20 63 22.0
448 45 98 10.0
207 20 90 34.0
449 45 27 94.0
208 20 50 82.0
209 20 43 97.0
690 70 5 11.0
691 70 10 22.0
450 45 64 32.0
692 70 75 26.0
451 45 39 23.0
693 70 68 47.0
210 20 30 69.0
452 45 48 20.0
694 70 75 31.0
211 20 67 44.0
453 46 91 69.0
695 70 87 10.0
212 21 93 42.0
454 46 8 41.0
696 70 48 21.0
213 21 64 83.0
455 46 30 13.0
697 70 3 83.0
214 21 49 78.0
456 46 82 29.0
698 70 38 23.0
215 21 88 58.0
457 46 13 35.0
699 70 39 57.0
216 21 9 59.0
458 46 14 37.0
217 21 19 51.0
459 46 21 44.0
218 21 60 32.0
219 21 90 91.0
460 46 33 16.0
461 46 95 82.0
220 21 80 49.0
462 46 70 52.0
221 21 58 45.0
463 46 16 79.0
222 21 48 37.0
464 47 23 35.0
223 22 47 8.0
465 47 20 73.0
224 22 19 89.0
466 47 85 72.0
225 22 82 6.0
467 47 38 50.0
226 22 27 61.0
468 47 48 97.0
227 22 62 40.0
469 47 39 43.0
228 22 11 23.0
229 22 31 91.0
470 47 98 17.0
471 47 4 14.0
230 22 64 92.0
472 47 60 48.0
231 22 10 24.0
473 47 17 5.0
232 22 43 6.0
474 48 96 86.0
233 22 44 94.0
475 48 85 15.0
234 22 100 24.0
476 48 31 51.0
235 22 16 15.0
477 48 80 70.0
236 23 43 20.0
478 48 67 28.0
237 23 76 52.0
479 48 96 76.0
238 23 8 55.0
239 23 13 30.0
480 48 26 98.0
481 48 84 54.0
240 23 18 30.0
482 49 99 3.0
241 23 10 97.0
483 49 2 18.0
242 23 78 90.0
484 49 47 95.0
243 24 90 40.0
485 49 50 30.0
244 24 78 82.0
486 49 10 47.0
245 24 41 19.0
487 49 57 23.0
246 24 34 39.0
488 49 29 65.0
247 24 38 0.0
489 50 10 21.0
248 24 6 34.0
249 24 32 34.0
490 50 7 65.0
491 50 98 1.0
250 24 37 67.0
492 50 95 63.0
251 24 57 12.0
493 50 44 91.0
252 25 36 27.0
494 50 33 89.0
253 25 26 94.0
495 50 67 91.0
254 25 58 10.0
496 50 44 74.0
255 25 34 56.0
497 50 10 47.0
256 25 48 30.0
498 51 9 21.0
257 25 79 24.0
499 51 78 3.0
258 25 95 84.0
259 25 12 35.0
260 25 76 26.0
261 26 100 97.0
262 26 75 2.0
263 26 1 59.0
264 26 91 30.0
265 26 42 60.0
266 26 21 6.0
267 26 86 20.0
268 27 60 15.0
269 27 100 43.0
270 27 85 92.0
271 27 33 87.0
272 27 75 38.0
273 27 9 17.0
274 27 45 86.0
275 27 31 36.0
276 27 52 1.0
277 27 62 59.0
278 27 43 90.0
279 27 55 22.0
280 27 77 82.0
281 27 87 26.0
282 27 9 19.0
283 27 24 33.0
284 28 24 64.0
285 28 61 60.0
286 28 33 72.0
287 28 59 18.0
288 28 53 33.0
289 28 67 58.0
290 28 97 63.0
291 28 67 62.0
292 28 13 2.0
293 28 50 18.0
294 28 18 70.0
295 28 78 18.0
296 28 88 48.0
297 29 57 79.0
298 29 1 17.0
299 29 5 60.0
900 90 98 12.0
901 90 13 60.0
902 90 87 59.0
903 90 43 23.0
904 90 7 1.0
905 90 25 91.0
906 90 9 96.0
907 90 86 30.0
908 90 50 86.0
909 91 69 54.0
910 91 98 22.0
911 91 39 76.0
912 91 15 81.0
913 91 96 63.0
914 91 86 65.0
915 91 61 58.0
916 91 86 43.0
917 91 15 57.0
918 92 50 4.0
919 92 95 90.0
920 92 9 7.0
921 92 68 88.0
922 92 66 19.0
923 92 40 89.0
924 93 41 27.0
925 93 92 16.0
926 93 76 0.0
927 93 12 50.0
928 93 23 45.0
929 93 41 41.0
930 93 94 54.0
931 93 49 52.0
932 93 7 78.0
933 93 52 11.0
934 93 3 85.0
935 93 86 58.0
936 93 51 70.0
937 93 95 89.0
938 94 55 12.0
939 94 22 31.0
940 94 35 67.0
941 94 32 49.0
700 71 69 38.0
942 94 100 63.0
701 71 73 79.0
943 94 66 38.0
702 71 70 86.0
944 94 31 21.0
703 71 67 60.0
945 95 13 23.0
704 71 20 6.0
946 95 76 18.0
705 71 17 52.0
947 95 60 70.0
706 71 25 92.0
948 95 40 38.0
707 71 98 30.0
949 96 69 33.0
708 71 50 55.0
709 72 75 89.0
950 96 81 11.0
951 96 30 29.0
710 72 41 83.0
952 96 7 74.0
711 72 40 76.0
953 96 60 46.0
712 72 76 42.0
954 96 72 59.0
713 72 22 86.0
955 96 59 30.0
714 72 21 20.0
956 96 30 1.0
715 72 40 6.0
957 96 40 72.0
716 72 96 80.0
958 96 83 16.0
717 72 23 75.0
959 96 2 26.0
718 72 16 43.0
719 73 27 61.0
960 97 60 89.0
961 97 32 56.0
720 73 31 48.0
962 97 30 38.0
721 73 56 27.0
963 97 25 10.0
722 73 6 81.0
964 97 17 57.0
723 73 95 26.0
965 97 40 91.0
724 73 52 31.0
966 97 91 73.0
725 73 29 11.0
967 97 39 38.0
726 73 95 13.0
968 97 25 14.0
727 73 33 0.0
969 97 43 10.0
728 74 81 79.0
729 74 27 49.0
970 97 10 45.0
971 97 23 61.0
730 74 57 18.0
972 98 80 87.0
731 74 69 70.0
973 98 60 64.0
732 74 19 54.0
974 98 11 49.0
733 74 7 46.0
975 98 45 20.0
734 74 67 89.0
976 98 14 11.0
735 74 82 61.0
977 98 88 13.0
736 74 97 82.0
978 98 4 73.0
737 75 66 2.0
979 98 32 40.0
738 75 72 27.0
739 75 90 94.0
980 98 58 89.0
981 99 46 16.0
740 75 61 54.0
982 99 96 0.0
741 75 70 95.0
983 99 44 56.0
500 51 64 28.0
742 75 58 4.0
984 99 32 82.0
501 51 44 65.0
743 75 11 34.0
985 99 54 5.0
502 51 100 63.0
744 75 21 39.0
986 99 92 94.0
503 51 85 90.0
745 76 3 82.0
987 99 90 6.0
504 51 47 84.0
746 76 72 41.0
988 99 46 72.0
505 51 84 75.0
747 76 48 11.0
989 100 39 78.0
506 51 36 39.0
748 76 77 24.0
507 51 49 33.0
749 76 15 54.0
508 51 20 49.0
509 51 89 56.0
990 100 32 52.0
991 100 46 14.0
750 76 39 49.0
992 100 41 64.0
751 76 57 84.0
993 100 28 28.0
510 51 57 17.0
752 76 79 90.0
994 100 46 77.0
511 51 57 56.0
753 76 22 24.0
995 100 24 30.0
512 51 95 19.0
754 76 52 75.0
996 100 67 71.0
513 52 6 10.0
755 76 12 67.0
997 100 13 54.0
514 52 49 49.0
756 76 1 61.0
998 100 7 63.0
515 52 27 93.0
757 76 33 43.0
999 100 33 80.0
516 52 55 92.0
758 76 33 50.0
517 52 99 88.0
759 76 56 8.0
518 52 95 95.0
519 52 93 44.0
760 76 51 15.0
761 76 96 80.0
520 52 92 53.0
762 76 29 68.0
521 52 16 81.0
763 76 36 6.0
522 52 100 2.0
764 77 40 21.0
523 53 83 63.0
765 77 36 4.0
524 53 10 50.0
766 77 61 11.0
525 53 92 40.0
767 77 56 42.0
526 53 92 0.0
768 77 91 91.0
527 53 27 43.0
769 77 38 68.0
528 53 45 75.0
529 53 29 9.0
770 77 30 66.0
771 77 3 48.0
530 53 26 46.0
772 77 15 98.0
531 54 70 58.0
773 77 83 76.0
532 54 29 43.0
774 77 87 60.0
533 54 45 34.0
775 78 51 91.0
534 54 14 61.0
776 78 57 30.0
535 54 55 73.0
777 78 79 67.0
536 54 49 82.0
778 78 11 92.0
537 54 21 22.0
779 78 29 83.0
538 54 43 46.0
539 54 63 48.0
780 78 61 35.0
781 78 91 68.0
540 54 11 27.0
782 78 41 14.0
541 55 70 12.0
783 78 1 67.0
300 29 87 4.0
542 55 5 23.0
784 78 70 6.0
301 29 37 27.0
543 55 89 18.0
785 78 50 41.0
302 29 15 96.0
544 55 61 96.0
786 78 52 8.0
303 29 80 44.0
545 55 97 19.0
787 79 54 22.0
304 30 2 39.0
546 55 98 61.0
788 79 1 42.0
305 30 24 29.0
547 55 21 47.0
789 79 14 31.0
306 30 34 71.0
548 55 28 89.0
307 30 88 95.0
549 55 73 21.0
308 30 83 72.0
309 30 36 26.0
790 79 73 72.0
791 79 10 68.0
550 55 16 56.0
792 79 21 68.0
551 56 31 99.0
793 79 92 27.0
310 30 9 44.0
552 56 2 21.0
794 79 12 70.0
311 30 56 14.0
553 56 4 1.0
795 79 16 75.0
312 30 13 72.0
554 56 49 3.0
796 79 10 32.0
313 30 90 51.0
555 56 33 14.0
797 79 10 83.0
314 31 21 96.0
556 56 95 89.0
798 79 81 44.0
315 31 42 77.0
557 56 21 40.0
799 80 19 24.0
316 31 99 47.0
558 56 68 63.0
317 31 93 79.0
559 56 4 7.0
318 31 28 66.0
319 31 90 54.0
560 56 23 55.0
561 56 86 86.0
320 31 91 73.0
562 57 14 59.0
321 31 29 12.0
563 57 49 29.0
322 32 39 94.0
564 57 66 78.0
323 32 67 87.0
565 57 42 92.0
324 32 56 72.0
566 57 38 55.0
325 32 68 18.0
567 57 56 28.0
326 32 10 31.0
568 57 17 58.0
327 32 3 6.0
569 57 11 35.0
328 32 8 15.0
329 32 51 25.0
570 57 86 13.0
571 58 98 67.0
330 33 80 99.0
572 58 47 99.0
331 33 19 42.0
573 58 34 62.0
332 33 56 81.0
574 58 86 18.0
333 33 6 60.0
575 58 47 90.0
334 33 85 92.0
576 58 61 61.0
335 33 50 50.0
577 58 63 84.0
336 33 80 21.0
578 58 41 89.0
337 33 44 6.0
579 59 18 70.0
338 33 84 33.0
339 33 99 19.0
580 59 16 66.0
581 59 100 43.0
340 34 88 41.0
582 59 81 80.0
341 34 16 72.0
583 59 79 5.0
100 10 78 43.0
342 34 16 34.0
584 59 22 69.0
101 11 42 82.0
343 34 4 32.0
585 59 28 13.0
102 11 26 48.0
344 34 24 21.0
586 60 5 52.0
103 11 99 4.0
345 34 98 21.0
587 60 24 60.0
104 11 69 83.0
346 34 51 44.0
588 60 8 23.0
105 11 2 9.0
347 34 84 49.0
589 60 5 42.0
106 11 1 84.0
348 34 42 22.0
107 11 33 7.0
349 34 93 77.0
108 11 17 79.0
109 11 72 31.0
590 60 7 94.0
591 60 45 58.0
350 34 27 75.0
592 60 100 82.0
351 35 29 84.0
593 60 87 74.0
110 11 5 77.0
352 35 74 96.0
594 60 59 38.0
111 11 19 35.0
353 35 77 61.0
595 60 57 68.0
112 11 78 23.0
354 35 57 46.0
596 61 74 49.0
113 11 72 29.0
355 36 39 65.0
597 61 36 16.0
114 11 53 32.0
356 36 7 31.0
598 61 92 0.0
115 12 63 57.0
357 36 17 66.0
599 61 28 50.0
116 12 15 68.0
358 36 65 6.0
117 12 31 96.0
359 36 54 40.0
118 12 36 84.0
119 12 97 61.0
10 1 72 42.0
11 2 55 91.0
12 2 15 9.0
13 2 11 16.0
14 2 83 20.0
15 2 56 41.0
16 2 89 77.0
17 2 38 80.0
18 2 49 97.0
19 2 92 35.0
360 36 68 43.0
361 36 19 21.0
120 12 48 37.0
362 37 90 45.0
121 12 67 53.0
363 37 35 15.0
122 12 62 9.0
364 37 95 21.0
123 13 27 65.0
365 37 78 58.0
124 13 83 38.0
366 37 23 21.0
125 13 9 12.0
367 37 7 39.0
126 13 82 58.0
368 37 20 47.0
127 13 3 80.0
369 37 31 27.0
128 13 24 99.0
129 13 64 76.0
20 2 100 36.0
21 2 34 82.0
22 2 32 57.0
23 2 65 14.0
24 3 11 47.0
25 3 45 47.0
26 3 2 5.0
27 3 85 63.0
28 3 83 67.0
29 3 32 54.0
370 37 98 51.0
371 37 55 94.0
130 13 40 5.0
372 38 75 79.0
131 13 50 56.0
373 38 78 9.0
132 13 97 22.0
374 38 6 64.0
133 14 83 27.0
375 38 90 78.0
134 14 37 84.0
376 38 9 16.0
135 14 2 83.0
377 38 89 83.0
136 14 61 30.0
378 38 89 83.0
137 14 90 93.0
379 38 70 51.0
138 14 42 41.0
139 14 41 32.0
30 3 81 52.0
31 3 16 84.0
32 3 66 50.0
33 3 25 98.0
34 3 6 62.0
35 3 77 76.0
36 4 6 63.0
37 4 7 0.0
38 4 56 55.0
39 4 2 69.0
380 38 68 74.0
381 38 17 50.0
140 14 7 20.0
382 38 23 8.0
141 14 40 26.0
383 38 92 48.0
142 14 75 57.0
384 38 92 93.0
143 14 1 64.0
385 38 97 77.0
144 14 78 61.0
386 39 25 89.0
145 14 6 52.0
387 39 5 55.0
146 14 76 46.0
388 39 81 2.0
147 15 93 82.0
389 39 31 59.0
148 15 88 74.0
149 15 18 15.0
40 4 83 20.0
41 4 78 65.0
42 4 76 25.0
43 4 98 56.0
44 5 77 12.0
45 5 43 21.0
46 5 71 96.0
47 5 50 3.0
48 5 28 43.0
49 5 2 96.0
390 39 88 11.0
391 39 42 13.0
150 15 44 52.0
392 39 77 7.0
151 15 22 50.0
393 40 49 88.0
152 15 36 22.0
394 40 52 50.0
153 15 94 35.0
395 40 94 52.0
154 15 31 33.0
396 40 51 9.0
155 15 31 87.0
397 40 52 51.0
156 16 50 27.0
398 40 36 36.0
157 16 1 34.0
399 40 82 59.0
158 16 10 0.0
159 16 79 18.0
50 5 64 76.0
51 5 19 17.0
52 5 44 49.0
53 5 44 56.0
54 5 95 84.0
55 5 45 66.0
56 6 32 99.0
57 6 63 26.0
58 6 64 30.0
59 6 46 91.0
160 16 69 44.0
161 16 64 15.0
162 17 22 17.0
163 17 61 64.0
164 17 58 43.0
165 17 84 30.0
166 17 96 1.0
167 17 95 18.0
168 17 77 19.0
169 17 6 33.0
60 6 97 88.0
61 6 67 78.0
62 6 29 45.0
63 6 5 45.0
64 6 56 84.0
65 7 78 93.0
66 7 18 68.0
67 7 30 46.0
68 7 94 9.0
69 7 38 66.0
170 17 30 73.0
171 17 60 62.0
172 17 50 77.0
173 17 10 37.0
174 17 8 36.0
175 17 80 87.0
176 17 13 94.0
177 17 4 32.0
178 17 59 19.0
179 18 74 93.0
70 7 32 69.0
71 7 71 84.0
72 7 82 11.0
73 7 60 48.0
74 8 1 19.0
75 8 45 52.0
76 8 19 34.0
77 8 99 29.0
78 8 11 36.0
79 8 96 77.0
180 18 80 63.0
181 18 65 53.0
182 18 81 47.0
183 18 85 37.0
184 18 25 95.0
185 18 74 11.0
186 18 82 96.0
187 18 68 17.0
188 18 31 37.0
189 18 20 13.0
80 8 75 70.0
81 8 27 57.0
82 8 100 23.0
83 9 59 7.0
84 9 47 82.0
85 9 83 1.0
86 9 37 38.0
87 9 37 13.0
88 9 99 26.0
89 9 31 99.0
190 19 44 44.0
191 19 65 63.0
192 19 75 67.0
193 19 53 21.0
194 19 87 68.0
195 19 83 92.0
196 19 86 22.0
197 19 75 90.0
198 19 93 55.0
199 19 86 1.0
90 9 8 3.0
91 9 21 7.0
92 10 81 78.0
93 10 96 71.0
94 10 78 53.0
95 10 11 98.0
96 10 80 39.0
97 10 56 70.0
98 10 13 23.0
99 10 25 59.0
